  -1 2 0 0 0 1 1 0 2 0 3 0 3 1
Hc = 1 Hh = 2
  -2 2 -1 1 -1 2 0 0 1 0 1 1 2 0
Hc = 0 Hh = 0
  -1 1 -1 2 -1 3 0 0 1 0 2 0 3 0
Hc = 1 Hh = 1
  -2 3 -1 1 -1 2 0 0 1 0 2 0 2 1
Hc = 1 Hh = 1
  -1 1 -1 2 0 0 1 0 1 2 2 0 2 1
Hc = 0 Hh = 0
  -3 3 -2 1 -2 2 -1 1 0 0 1 0 2 0
Hc = 1 Hh = 1
  -2 2 -2 3 -1 1 0 0 1 0 2 0 3 0
Hc = 2 Hh = 2
  -2 2 -2 3 -1 1 0 0 1 0 2 0 2 1
Hc = 0 Hh = 1
  -2 2 -1 1 0 0 1 0 2 0 2 1 2 2
Hc = 1 Hh = 1
  -3 2 -2 2 -2 3 -1 1 0 0 1 0 2 0
Hc = 1 Hh = 1
  -2 1 -1 1 0 0 1 0 2 0 3 0 3 1
Hc = 1 Hh = 2
  -3 2 -3 3 -2 1 -1 1 0 0 1 0 2 0
Hc = 1 Hh = 2
  -1 1 0 0 1 0 2 0 3 0 3 1 4 0
Hc = 2 Hh = 2
  -1 1 0 0 1 0 2 0 3 0 4 0 4 1
Hc = 1 Hh = 1
  -1 1 0 0 1 0 2 0 2 2 3 0 3 1
Hc = 1 Hh = 1
  -1 1 -1 2 0 0 1 0 1 1 2 1 3 0
Hc = 1 Hh = 2
  -4 3 -3 3 -2 2 -1 1 0 0 1 0 1 1
Hc = 1 Hh = 2
  -4 3 -3 2 -2 2 -1 1 0 0 1 0 1 1
Hc = 2 Hh = 3
  -3 1 -3 2 -2 2 -1 1 0 0 1 0 1 1
Hc = 1 Hh = 1
  -3 2 -3 3 -2 1 -1 1 0 0 1 0 1 1
Hc = 1 Hh = 1
  -3 2 -2 2 -1 1 -1 2 -1 3 0 0 1 0
Hc = 3 Hh = 3
  -3 1 -2 1 -1 1 -1 2 -1 3 0 0 1 0
Hc = 1 Hh = 1
  -3 1 -2 1 -2 3 -1 1 -1 2 0 0 1 0
Hc = 2 Hh = 2
  -4 3 -3 1 -3 2 -2 2 -1 1 0 0 1 0
Hc = 2 Hh = 2
  0 0 0 3 1 0 1 1 1 2 2 0 3 0
Hc = 1 Hh = 2
  -1 3 0 0 0 2 1 0 1 2 2 0 2 1
Hc = 1 Hh = 1
  -1 2 0 0 0 1 1 1 2 1 3 0 3 1
Hc = 1 Hh = 1
  -1 2 0 0 0 1 1 1 2 1 3 1 4 0
Hc = 1 Hh = 1
  -1 2 0 0 0 1 1 1 2 1 2 2 3 0
Hc = 0 Hh = 0
  0 0 0 1 1 1 2 1 2 2 3 1 4 0
Hc = 2 Hh = 2
  0 0 0 1 0 2 1 2 2 1 3 0 4 0
Hc = 1 Hh = 2
  -4 2 -3 2 -3 3 -2 2 -1 1 -1 2 0 0
Hc = 1 Hh = 1
  -4 2 -3 1 -2 1 -1 1 -1 2 -1 3 0 0
Hc = 1 Hh = 1
  -4 2 -3 2 -2 1 -2 2 -2 3 -1 1 0 0
Hc = 1 Hh = 1
  -4 1 -3 1 -2 1 -2 2 -2 3 -1 1 0 0
Hc = 1 Hh = 1
  -4 2 -3 2 -2 2 -2 3 -2 4 -1 1 0 0
Hc = 0 Hh = 0
  -5 1 -4 1 -4 2 -3 2 -2 2 -1 1 0 0
Hc = 1 Hh = 1
