  -5 1 -3 0 -2 -2 0 -3 1 -5 0 0 1 -2 3 -3 4 -5 1 1
Hc = 1 Hh = 1
  -5 1 -3 0 -2 -2 0 -3 1 -5 -2 1 0 0 1 -2 3 -3 1 1
Hc = 0 Hh = 0
  -11 1 -9 0 -8 -2 -6 -3 -5 -5 -9 3 -8 1 -5 -2 -3 -3 -2 -2
Hc = 1 Hh = 1
  -12 3 -11 1 -9 0 -8 -2 -6 -3 -5 -5 -8 1 -5 -2 -3 -3 -2 -2
Hc = 1 Hh = 1
  -14 7 -12 6 -9 3 -8 1 -6 0 -5 -2 -11 7 -9 6 -8 4 -5 1
Hc = 0 Hh = 1
  -11 7 -9 6 -8 4 -6 3 -5 1 -3 0 -3 3 -2 1 0 0 -2 4
Hc = 2 Hh = 2
  -11 7 -9 6 -8 4 -6 3 -5 1 -3 0 -8 7 -3 3 -2 1 0 0
Hc = 0 Hh = 0
  -5 1 -3 0 -3 3 -2 1 0 0 1 -2 -5 7 -3 6 -2 4 1 1
Hc = 1 Hh = 2
  -5 1 -3 0 -5 4 -3 3 -2 1 0 0 1 -2 3 -3 3 0 4 -2
Hc = 0 Hh = 0
  -6 3 -5 1 -3 0 -2 1 0 0 1 -2 3 -3 1 1 4 -2 6 -3
Hc = 1 Hh = 2
  -11 7 -9 6 -8 4 -6 3 -5 1 -3 0 -8 7 -2 1 0 0 1 1
Hc = 0 Hh = 1
  -11 7 -9 6 -8 4 -6 3 -5 1 -3 0 -6 6 -5 4 -2 1 0 0
Hc = 1 Hh = 1
  -6 3 -5 1 -3 0 -11 10 -9 9 -8 7 -6 6 -5 4 -2 1 0 0
Hc = 1 Hh = 1
  -11 7 -9 6 -6 3 -5 1 -3 0 -8 7 -6 6 -5 4 -2 1 0 0
Hc = 0 Hh = 0
  -12 6 -11 7 -9 6 -8 4 -6 3 -5 1 -3 0 -8 7 -2 1 0 0
Hc = 1 Hh = 1
  -12 9 -11 7 -9 6 -8 4 -6 3 -5 1 -3 0 -11 10 -2 1 0 0
Hc = 1 Hh = 1
  -12 6 -11 4 -11 7 -9 6 -8 4 -6 3 -5 1 -3 0 -2 1 0 0
Hc = 1 Hh = 1
  -5 1 -3 0 -2 1 0 0 1 -2 3 -3 0 3 1 1 3 0 1 4
Hc = 0 Hh = 1
  -5 1 -3 0 -2 1 0 0 1 -2 3 -3 0 3 1 1 4 -2 6 -3
Hc = 1 Hh = 1
  -11 7 -9 6 -8 4 -6 3 -5 1 -3 0 -3 3 -2 1 -2 4 0 3
Hc = 1 Hh = 1
  -11 7 -9 6 -8 4 -6 3 -5 1 -3 0 -3 3 -2 1 -3 6 -2 4
Hc = 1 Hh = 1
  -11 7 -9 6 -8 4 -6 3 -5 1 -3 0 -8 7 -3 3 -2 1 -2 4
Hc = 0 Hh = 0
  -12 6 -11 7 -9 6 -8 4 -6 3 -5 1 -3 0 -3 3 -2 1 -2 4
Hc = 1 Hh = 2
  -11 7 -9 6 -8 4 -6 3 -5 1 -3 0 -8 7 -5 4 -3 3 -2 1
Hc = 1 Hh = 1
  -11 7 -9 6 -6 3 -5 1 -3 0 -8 7 -6 6 -5 4 -3 3 -2 1
Hc = 0 Hh = 0
  -12 9 -11 7 -9 6 -8 4 -6 3 -5 1 -3 0 -11 10 -3 3 -2 1
Hc = 0 Hh = 0
  -12 6 -11 4 -11 7 -9 6 -8 4 -6 3 -5 1 -3 0 -3 3 -2 1
Hc = 0 Hh = 0
  -5 1 -3 0 -6 6 -5 4 -3 3 -2 1 -5 7 -2 4 0 3 1 1
Hc = 0 Hh = 0
  -11 7 -9 6 -8 4 -6 3 -5 1 -3 0 -6 6 -5 4 -2 1 -5 7
Hc = 0 Hh = 0
  -12 9 -11 7 -9 6 -8 4 -6 3 -5 1 -3 0 -11 10 -5 4 -2 1
Hc = 1 Hh = 1
  -11 7 -9 6 -6 3 -5 1 -3 0 -8 7 -6 6 -5 4 -2 1 -5 7
Hc = 0 Hh = 0
  -11 7 -9 6 -6 3 -5 1 -3 0 -9 9 -8 7 -6 6 -5 4 -2 1
Hc = 1 Hh = 1
  -11 7 -9 6 -8 4 -6 3 -5 1 -3 0 -9 9 -8 7 -6 6 -2 1
Hc = 0 Hh = 0
  -12 6 -12 9 -11 7 -9 6 -8 4 -6 3 -5 1 -3 0 -8 7 -2 1
Hc = 1 Hh = 1
  -12 6 -11 4 -11 7 -9 6 -8 4 -6 3 -5 1 -3 0 -8 7 -2 1
Hc = 1 Hh = 1
  -12 6 -12 9 -11 7 -9 6 -8 4 -6 3 -5 1 -3 0 -11 10 -2 1
Hc = 1 Hh = 1
  -3 -3 -2 -5 -8 4 -6 3 -5 1 -3 0 -2 -2 0 -3 1 -2 3 -3
Hc = 0 Hh = 0
  -3 -3 -2 -5 -3 0 -2 -2 0 -3 1 -5 3 -6 4 -8 -2 1 4 -5
Hc = 0 Hh = 0
  -3 -3 -2 -5 -8 4 -6 3 -5 1 -3 0 -2 -2 -3 3 -2 1 0 0
Hc = 0 Hh = 0
  -8 1 -6 0 -3 -3 -2 -5 -5 1 -3 0 -2 -2 -3 3 -2 1 0 0
Hc = 0 Hh = 0
  -3 -3 -2 -5 -8 4 -6 3 -5 1 -3 0 -2 -2 -2 1 0 0 1 1
Hc = 0 Hh = 0
  -3 -3 -2 -5 -8 4 -6 3 -5 1 -3 0 -2 -2 -5 4 -2 1 0 0
Hc = 0 Hh = 0
  -8 1 -6 0 -3 -3 -2 -5 -5 1 -3 0 -2 -2 -2 1 0 0 1 1
Hc = 1 Hh = 1
  -3 -3 -2 -5 -8 4 -6 3 -3 0 -2 -2 -5 4 -3 3 -2 1 0 0
Hc = 1 Hh = 2
  -11 4 -9 3 -6 0 -3 -3 -2 -5 -8 4 -6 3 -5 1 -3 0 -2 -2
Hc = 0 Hh = 0
  -3 0 -5 4 -3 3 -2 1 0 0 1 -2 -2 4 0 3 1 1 3 0
Hc = 0 Hh = 0
  -3 0 -5 4 -3 3 -2 1 0 0 1 -2 -2 4 1 1 3 0 4 1
Hc = 1 Hh = 1
  -3 0 -5 4 -3 3 -2 1 0 0 1 -2 3 -3 -2 4 1 1 4 -2
Hc = 1 Hh = 1
  -3 0 -6 6 -5 4 -3 3 -2 1 0 0 1 -2 1 1 3 0 4 1
Hc = 0 Hh = 0
  -3 0 -5 4 -3 3 -2 1 0 0 1 -2 1 1 3 0 4 -2 4 1
Hc = 1 Hh = 1
  -3 0 -5 4 -3 3 -2 1 0 0 1 -2 3 -3 0 3 1 1 1 4
Hc = 2 Hh = 2
  -3 0 -5 4 -3 3 -2 1 0 0 1 -2 3 -3 0 3 1 1 4 -2
Hc = 3 Hh = 4
  -3 0 -6 6 -5 4 -3 3 -2 1 0 0 1 -2 3 -3 1 1 4 -2
Hc = 0 Hh = 1
  -6 3 -3 0 -6 6 -5 4 -3 3 -2 1 0 0 1 -2 -5 7 1 1
Hc = 0 Hh = 0
  -3 0 -8 7 -6 6 -5 4 -3 3 -2 1 0 0 1 -2 -5 7 1 1
Hc = 0 Hh = 0
  -3 0 -3 3 -2 1 0 0 1 -2 3 -3 4 -5 0 3 1 1 3 0
Hc = 1 Hh = 1
  -3 0 -3 3 -2 1 0 0 3 -3 4 -5 -2 4 1 1 3 0 4 -2
Hc = 1 Hh = 1
  -3 0 -6 6 -5 4 -3 3 -2 1 0 0 3 -3 1 1 3 0 4 -2
Hc = 1 Hh = 1
  -9 6 -3 0 -8 7 -6 6 -5 4 -3 3 -2 1 0 0 -5 7 1 1
Hc = 0 Hh = 0
  -3 0 -3 3 -2 1 0 0 3 -3 4 -5 1 1 3 0 4 -2 6 -3
Hc = 1 Hh = 1
  -3 0 -5 4 -3 3 -2 1 0 0 1 -2 3 -3 -2 4 0 3 4 -2
Hc = 0 Hh = 1
  -6 3 -3 0 -5 4 -3 3 -2 1 0 0 1 -2 3 -3 -3 6 -2 4
Hc = 1 Hh = 1
  -3 0 -5 4 -3 3 -2 1 0 0 1 -2 3 -3 -3 6 -2 4 4 -2
Hc = 1 Hh = 1
  -3 0 -5 4 -3 3 -2 1 0 0 1 -2 3 -3 -2 4 4 -2 6 -3
Hc = 1 Hh = 1
  -3 0 -5 4 -3 3 -2 1 0 0 1 -2 3 -3 -2 4 3 0 4 -2
Hc = 1 Hh = 1
  -3 0 -6 6 -5 4 -3 3 -2 1 0 0 1 -2 3 -3 -5 7 4 -2
Hc = 0 Hh = 1
  -6 3 -3 0 -5 4 -3 3 -2 1 0 0 1 -2 3 -3 3 0 4 -2
Hc = 0 Hh = 0
  -3 0 -5 4 -3 3 -2 1 0 0 1 -2 3 -3 3 0 4 -2 6 -3
Hc = 1 Hh = 1
  -3 0 -5 4 -3 3 -2 1 0 0 1 -2 3 -3 3 0 4 -2 4 1
Hc = 1 Hh = 1
  -11 7 -9 6 -3 0 -8 7 -6 6 -5 4 -3 3 -2 1 0 0 1 -2
Hc = 1 Hh = 1
  -6 3 -3 0 -6 6 -5 4 -3 3 -2 1 0 0 -3 6 -2 4 0 3
Hc = 0 Hh = 0
  -9 6 -3 0 -11 10 -9 9 -8 7 -6 6 -5 4 -3 3 -2 1 0 0
Hc = 1 Hh = 1
  -11 7 -9 6 -3 0 -9 9 -8 7 -6 6 -5 4 -3 3 -2 1 0 0
Hc = 0 Hh = 0
  -12 9 -3 0 -11 10 -9 9 -8 7 -6 6 -5 4 -3 3 -2 1 0 0
Hc = 1 Hh = 1
  -3 0 -2 1 0 0 1 -2 3 -3 4 -5 -2 4 0 3 1 1 3 0
Hc = 1 Hh = 1
  -3 0 -2 1 0 0 1 -2 3 -3 4 -5 0 3 1 1 4 -2 6 -3
Hc = 2 Hh = 2
  -3 0 -2 1 0 0 1 -2 3 -3 4 -5 4 -2 6 -3 7 -5 7 -2
Hc = 1 Hh = 1
  -11 7 -9 6 -8 4 -6 3 -3 0 -5 4 -3 3 -2 1 -3 6 -2 4
Hc = 0 Hh = 0
  -11 7 -9 6 -3 0 -9 9 -8 7 -6 6 -5 4 -3 3 -2 1 -2 4
Hc = 1 Hh = 1
  -3 0 -11 10 -9 9 -8 7 -6 6 -5 4 -3 3 -2 1 -8 10 -2 4
Hc = 0 Hh = 1
  -11 7 -9 6 -8 4 -3 0 -8 7 -6 6 -5 4 -3 3 -2 1 -2 4
Hc = 0 Hh = 0
  -12 6 -11 7 -9 6 -3 0 -8 7 -6 6 -5 4 -3 3 -2 1 -2 4
Hc = 1 Hh = 1
  -3 0 -3 3 -2 1 3 -3 4 -5 -2 4 0 3 1 1 3 0 4 -2
Hc = 1 Hh = 1
  -3 0 -11 10 -9 9 -3 3 -2 1 -8 10 -6 9 -5 7 -3 6 -2 4
Hc = 1 Hh = 1
  -11 7 -9 6 -8 4 -6 3 -3 0 -6 6 -5 4 -3 3 -2 1 -5 7
Hc = 1 Hh = 1
  -12 6 -11 7 -9 6 -8 4 -6 3 -3 0 -6 6 -5 4 -3 3 -2 1
Hc = 1 Hh = 1
  -11 7 -9 6 -8 4 -3 0 -8 7 -6 6 -5 4 -3 3 -2 1 -5 7
Hc = 0 Hh = 0
  -12 6 -11 7 -9 6 -3 0 -8 7 -6 6 -5 4 -3 3 -2 1 -5 7
Hc = 0 Hh = 1
  -12 9 -11 7 -9 6 -8 4 -3 0 -8 7 -6 6 -5 4 -3 3 -2 1
Hc = 1 Hh = 1
  -12 6 -11 7 -9 6 -8 4 -3 0 -8 7 -6 6 -5 4 -3 3 -2 1
Hc = 0 Hh = 1
  -12 6 -12 9 -11 7 -9 6 -3 0 -8 7 -6 6 -5 4 -3 3 -2 1
Hc = 1 Hh = 2
  -12 6 -11 4 -11 7 -9 6 -3 0 -8 7 -6 6 -5 4 -3 3 -2 1
Hc = 0 Hh = 0
  -14 7 -12 6 -9 3 -8 1 -6 0 -5 -2 -11 7 -9 6 -8 4 -6 3
Hc = 0 Hh = 0
  -11 7 -9 6 -8 4 -6 3 -5 1 -3 0 -6 6 -5 4 -3 3 -5 7
Hc = 1 Hh = 1
  -11 7 -9 6 -8 4 -6 3 -5 1 -3 0 -9 9 -8 7 -5 4 -3 3
Hc = 1 Hh = 2
  -12 6 -11 7 -9 6 -8 4 -6 3 -5 1 -3 0 -6 6 -5 4 -5 7
Hc = 1 Hh = 1
  -12 6 -12 9 -11 7 -9 6 -8 4 -6 3 -5 1 -3 0 -8 7 -5 4
Hc = 1 Hh = 1
  -12 6 -11 4 -11 7 -9 6 -8 4 -6 3 -5 1 -3 0 -8 7 -5 4
Hc = 1 Hh = 2
  -9 6 -8 4 -6 3 -5 1 -3 0 -11 10 -9 9 -8 7 -5 4 -8 10
Hc = 1 Hh = 1
  -12 6 -12 9 -11 7 -9 6 -8 4 -6 3 -5 1 -3 0 -11 10 -5 4
Hc = 0 Hh = 1
  -11 7 -9 6 -6 3 -5 1 -3 0 -9 9 -8 7 -6 6 -5 4 -3 3
Hc = 1 Hh = 1
  -12 6 -11 4 -11 7 -9 6 -6 3 -5 1 -3 0 -8 7 -6 6 -5 4
Hc = 0 Hh = 0
  -12 6 -11 4 -11 7 -9 6 -8 4 -6 3 -5 1 -3 0 -8 7 -6 6
Hc = 0 Hh = 1
