 -11 7 -9 6 -8 4 -6 3 -5 1 -3 0 -2 -2 0 -3 1 -5 -5 4 -3 3 -2 1 0 0 1 -2 3 -3 -3 6 -2 4 1 1 3 0 4 -2
Hc = 1 Hh = 2
 -11 1 -9 0 -8 -2 -6 -3 -5 -5 -8 1 -5 -2 -3 -3 -2 -5 0 -6 -2 -2 0 -3 1 -2 3 -3 3 0 4 -2 6 -3 4 1 6 0 7 -2
Hc = 1 Hh = 2
 -14 4 -12 3 -11 1 -9 0 -8 -2 -6 -3 -5 -5 -17 10 -15 9 -14 7 -12 6 -11 4 -8 1 -5 -2 -3 -3 -2 -5 -14 10 -12 9 -11 7 -2 -2
Hc = 1 Hh = 2
 -17 4 -15 3 -14 4 -12 3 -9 0 -8 -2 -6 -3 -5 -5 -12 6 -11 4 -9 3 -8 1 -5 -2 -3 -3 -2 -2 0 -3 0 0 1 -2 3 -3 4 -5
Hc = 1 Hh = 2
 -17 7 -15 6 -14 7 -12 6 -11 4 -9 3 -8 1 -6 0 -5 -2 -12 9 -11 7 -9 6 -8 4 -6 3 -5 1 -11 10 -9 9 -8 7 -6 6 -5 4
Hc = 2 Hh = 2
 -12 6 -12 9 -11 7 -9 6 -8 4 -6 3 -5 1 -3 0 -11 10 -5 4 -3 3 -2 1 0 0 1 -2 3 -3 -3 6 -2 4 1 1 3 0 4 -2
Hc = 1 Hh = 2
 -8 4 -6 3 -5 1 -3 0 -6 6 -5 4 -3 3 -2 1 0 0 1 -2 3 -3 -5 7 -2 4 1 1 3 0 4 -2 6 -3 7 -5 4 1 7 -2
Hc = 1 Hh = 2
 -6 3 -5 1 -3 0 -5 4 -3 3 -2 1 0 0 1 -2 3 -3 -3 6 -2 4 0 3 1 1 3 0 4 -2 6 -3 -2 7 0 6 1 4 7 -2
Hc = 3 Hh = 3
 -6 3 -5 1 -3 0 -6 6 -5 4 -3 3 -2 1 0 0 1 -2 3 -3 -2 4 0 3 1 1 3 0 4 -2 0 6 1 4 3 3 4 1 6 0
Hc = 1 Hh = 2
 -6 3 -5 1 -3 0 -12 12 -11 10 -9 9 -8 7 -6 6 -5 4 -3 3 -2 1 0 0 1 -2 3 -3 -5 7 -2 4 0 3 1 1 3 0 4 -2
Hc = 1 Hh = 2
 -6 3 -5 1 -3 0 -5 4 -3 3 -2 1 0 0 1 -2 3 -3 -2 4 0 3 1 1 3 0 4 -2 6 -3 0 6 1 4 3 3 4 1 1 7
Hc = 1 Hh = 2
 -6 3 -5 1 -3 0 -5 4 -3 3 -2 1 0 0 1 -2 3 -3 -2 4 0 3 1 1 3 0 4 -2 6 -3 0 6 1 4 6 0 7 -2 7 1
Hc = 1 Hh = 2
 -6 3 -5 1 -3 0 -5 4 -3 3 -2 1 0 0 1 -2 3 -3 -2 4 0 3 1 1 3 0 4 -2 6 -3 7 -2 9 -3 10 -5 12 -6 13 -8
Hc = 2 Hh = 2
 -11 7 -9 6 -6 3 -5 1 -3 0 -8 7 -6 6 -5 4 -3 3 -2 1 0 0 1 -2 -2 4 0 3 1 1 3 0 3 3 4 1 4 4 6 3
Hc = 1 Hh = 2
 -6 3 -5 1 -3 0 -12 12 -11 10 -9 9 -8 7 -6 6 -5 4 -3 3 -2 1 0 0 1 -2 3 -3 -8 10 -3 6 -2 4 1 1 3 0 4 -2
Hc = 1 Hh = 2
 -6 3 -5 1 -3 0 -12 12 -11 10 -9 9 -8 7 -6 6 -5 4 -3 3 -2 1 0 0 1 -2 3 -3 -8 10 -5 7 -2 4 1 1 3 0 4 -2
Hc = 1 Hh = 2
 -11 7 -9 6 -6 3 -5 1 -3 0 -9 9 -8 7 -6 6 -5 4 -3 3 -2 1 0 0 1 -2 -8 10 -6 9 -5 7 -3 6 -2 4 1 1 3 0
Hc = 1 Hh = 2
 -6 3 -5 1 -3 0 -5 4 -3 3 -2 1 0 0 1 -2 0 3 1 1 3 0 4 -2 6 -3 7 -5 9 -6 10 -8 4 1 6 0 7 -2 10 -5
Hc = 2 Hh = 2
 -12 9 -6 3 -5 1 -3 0 -11 10 -9 9 -8 7 -6 6 -5 4 -3 3 -2 1 0 0 1 -2 3 -3 1 1 3 0 4 -2 3 3 4 1 4 4
Hc = 1 Hh = 2
 -11 7 -9 6 -6 3 -5 1 -3 0 -9 9 -8 7 -6 6 -5 4 -3 3 -2 1 0 0 1 -2 3 -3 -8 10 -6 9 -5 7 1 1 3 0 4 -2
Hc = 2 Hh = 2
 -6 3 -5 1 -3 0 -6 6 -5 4 -3 3 -2 1 0 0 1 -2 3 -3 1 1 3 0 4 -2 6 -3 7 -2 9 -3 10 -5 12 -6 13 -8 13 -5
Hc = 1 Hh = 2
 -6 3 -5 1 -3 0 -5 4 -3 3 -2 1 0 0 1 -2 3 -3 1 1 3 0 4 -2 6 -3 7 -5 3 3 4 1 6 0 4 4 6 3 7 1
Hc = 2 Hh = 2
 -11 7 -9 6 -6 3 -5 1 -3 0 -12 12 -11 10 -9 9 -8 7 -6 6 -5 4 -3 3 -2 1 0 0 1 -2 3 -3 -8 10 -6 9 -5 7 1 1
Hc = 2 Hh = 2
 -12 9 -9 6 -8 4 -6 3 -5 1 -3 0 -11 10 -9 9 -8 7 -3 3 -2 1 0 0 1 -2 3 -3 -8 10 1 1 3 0 4 -2 6 -3 4 1
Hc = 1 Hh = 2
 -11 7 -9 6 -8 4 -6 3 -5 1 -3 0 -6 6 -5 4 -3 3 -2 1 0 0 -6 9 -5 7 -3 6 -2 4 0 3 1 1 3 0 -6 12 -5 10
Hc = 1 Hh = 2
 -8 4 -6 3 -5 1 -3 0 -8 7 -6 6 -5 4 -3 3 -2 1 0 0 3 -3 -5 7 -3 6 -2 4 0 3 1 1 3 0 4 -2 6 -3 7 -5
Hc = 2 Hh = 2
 -8 4 -6 3 -5 1 -3 0 -5 4 -3 3 -2 1 0 0 3 -3 4 -5 -5 7 -3 6 -2 4 0 3 1 1 3 0 4 -2 3 3 4 1 6 0
Hc = 1 Hh = 2
 -9 6 -8 4 -6 3 -5 1 -3 0 -11 10 -9 9 -8 7 -6 6 -5 4 -3 3 -2 1 0 0 -2 4 0 3 1 1 3 0 4 -2 6 -3 7 -2
Hc = 2 Hh = 2
 -9 6 -8 4 -6 3 -5 1 -3 0 -5 4 -3 3 -2 1 0 0 3 -3 4 -5 -2 4 0 3 1 1 3 0 4 -2 4 1 6 0 7 1 9 0
Hc = 2 Hh = 2
 -12 6 -11 7 -9 6 -8 4 -6 3 -5 1 -3 0 -8 7 -6 6 -5 4 -3 3 -2 1 0 0 -3 6 -2 4 0 3 1 1 -2 7 0 6 1 4
Hc = 2 Hh = 2
 -12 6 -11 7 -9 6 -8 4 -6 3 -5 1 -3 0 -8 7 -6 6 -5 4 -3 3 -2 1 0 0 -5 7 -3 6 -2 4 0 3 1 1 -3 9 -2 7
Hc = 2 Hh = 2
 -11 7 -9 6 -6 3 -5 1 -3 0 -9 9 -8 7 -6 6 -5 4 -3 3 -2 1 0 0 -2 4 0 3 1 1 3 0 1 4 3 3 4 1 4 4
Hc = 1 Hh = 2
 -11 7 -9 6 -6 3 -5 1 -3 0 -8 7 -6 6 -5 4 -3 3 -2 1 0 0 -2 4 0 3 1 1 3 0 1 4 3 3 4 1 4 4 6 3
Hc = 2 Hh = 2
 -6 3 -5 1 -3 0 -5 4 -3 3 -2 1 0 0 -2 4 0 3 1 1 3 0 4 1 6 0 6 3 7 1 9 0 9 3 10 1 12 0 10 4
Hc = 1 Hh = 2
 -6 3 -5 1 -3 0 -11 10 -9 9 -8 7 -6 6 -5 4 -3 3 -2 1 0 0 -5 7 -3 6 -2 4 0 3 1 1 -2 7 0 6 1 4 3 3
Hc = 2 Hh = 2
 -12 9 -11 7 -9 6 -6 3 -5 1 -3 0 -12 12 -11 10 -9 9 -8 7 -6 6 -5 4 -3 3 -2 1 0 0 -11 13 -2 4 0 3 1 1 1 4
Hc = 1 Hh = 2
 -15 12 -6 3 -5 1 -3 0 -14 13 -12 12 -11 10 -9 9 -8 7 -6 6 -5 4 -3 3 -2 1 0 0 -11 13 -9 12 -8 10 -2 4 0 3 1 1
Hc = 2 Hh = 2
 -12 9 -11 7 -9 6 -8 4 -6 3 -5 1 -3 0 -5 4 -3 3 -2 1 0 0 3 -3 1 1 3 0 4 -2 6 -3 7 -2 9 -3 10 -5 12 -6
Hc = 1 Hh = 2
 -18 12 -17 10 -15 9 -14 7 -12 6 -11 7 -9 6 -8 4 -6 3 -5 1 -3 0 -5 4 -3 3 -2 1 0 0 1 1 3 0 4 -2 6 -3 7 -5
Hc = 1 Hh = 2
 -15 9 -14 7 -12 6 -14 10 -12 9 -11 7 -9 6 -8 4 -6 3 -5 1 -3 0 -11 10 -9 9 -8 7 -6 6 -5 4 -3 3 -2 1 0 0 1 1
Hc = 2 Hh = 2
 -6 3 -5 1 -3 0 -6 6 -5 4 -3 3 -2 1 0 0 1 1 3 0 4 -2 6 -3 7 -5 3 3 4 1 7 -2 9 -3 10 -2 12 -3 13 -5
Hc = 1 Hh = 2
 -6 3 -5 1 -3 0 -12 12 -11 10 -9 9 -8 7 -6 6 -5 4 -3 3 -2 1 0 0 -11 13 -9 12 -5 7 -3 6 1 1 3 0 4 -2 6 -3
Hc = 1 Hh = 2
 -11 7 -9 6 -8 4 -6 3 -5 1 -3 0 -8 7 -6 6 -5 4 -3 3 -2 1 0 0 1 -2 -5 7 -3 6 -2 4 0 3 -2 7 0 6 1 4
Hc = 1 Hh = 2
 -12 6 -12 9 -11 7 -9 6 -8 4 -6 3 -5 1 -3 0 -11 10 -9 9 -8 7 -6 6 -5 4 -3 3 -2 1 0 0 1 -2 -5 7 -3 6 -2 4
Hc = 2 Hh = 2
 -15 9 -14 7 -12 6 -11 4 -17 13 -15 12 -14 10 -11 7 -9 6 -8 4 -6 3 -5 1 -3 0 -14 13 -5 4 -3 3 -2 1 0 0 1 -2 -2 4
Hc = 2 Hh = 2
 -11 7 -9 6 -6 3 -5 1 -3 0 -9 9 -8 7 -6 6 -5 4 -3 3 -2 1 0 0 1 -2 -8 10 -6 9 -5 7 -3 6 -2 4 -2 7 0 6
Hc = 2 Hh = 2
 -9 6 -8 4 -6 3 -5 1 -3 0 -9 9 -8 7 -6 6 -5 4 -3 3 -2 1 0 0 1 -2 3 -3 -11 13 -9 12 -8 10 -6 9 -5 7 4 -2
Hc = 2 Hh = 2
 -18 15 -9 6 -8 4 -6 3 -5 1 -3 0 -17 16 -15 15 -14 13 -12 12 -11 10 -9 9 -8 7 -6 6 -5 4 -3 3 -2 1 0 0 1 -2 3 -3
Hc = 1 Hh = 2
 -6 3 -5 1 -3 0 -12 12 -11 10 -9 9 -8 7 -6 6 -5 4 -3 3 -2 1 0 0 1 -2 3 -3 -11 13 -9 12 -8 10 -6 9 -5 7 4 -2
Hc = 2 Hh = 2
 -17 13 -15 12 -14 10 -12 9 -11 7 -9 6 -6 3 -5 1 -3 0 -14 13 -12 12 -11 10 -9 9 -8 7 -6 6 -5 4 -3 3 -2 1 0 0 1 -2
Hc = 1 Hh = 2
 -11 7 -9 6 -8 4 -6 3 -5 1 -3 0 -8 7 -6 6 -5 4 -3 3 -2 1 0 0 -8 10 -6 9 -5 7 -3 6 -2 4 0 3 -3 9 -2 7
Hc = 1 Hh = 2
 -21 15 -20 16 -18 15 -17 13 -15 12 -14 10 -12 9 -11 7 -9 6 -8 4 -6 3 -5 1 -3 0 -17 16 -15 15 -14 13 -5 4 -3 3 -2 1 0 0
Hc = 1 Hh = 2
 -5 1 -3 0 -3 3 -2 1 0 0 1 -2 3 -3 -2 4 0 3 1 1 3 0 1 4 3 3 4 1 6 0 7 -2 9 -3 10 -2 12 -3 13 -5
Hc = 2 Hh = 2
 -12 9 -11 7 -9 6 -5 1 -3 0 -11 10 -8 7 -6 6 -5 4 -3 3 -2 1 0 0 1 -2 3 -3 -6 9 -5 7 1 1 3 0 -5 10 -3 9
Hc = 1 Hh = 2
 -6 3 -5 1 -3 0 -11 10 -9 9 -8 7 -6 6 -5 4 -2 1 0 0 1 -2 3 -3 -8 10 -6 9 -5 7 1 1 3 0 4 -2 6 -3 7 -2
Hc = 1 Hh = 2
 -6 3 -5 1 -3 0 -12 12 -9 9 -8 7 -6 6 -5 4 -2 1 0 0 1 -2 3 -3 -11 13 -9 12 -8 10 1 1 4 -2 6 -3 7 -5 7 -2
Hc = 1 Hh = 2
 -18 9 -18 12 -17 10 -15 9 -14 10 -12 9 -11 7 -9 6 -8 4 -6 3 -5 1 -3 0 -11 10 -9 9 -8 7 -6 6 -5 4 -2 1 0 0 1 1
Hc = 2 Hh = 2
 -15 9 -14 7 -12 6 -11 4 -15 12 -14 10 -12 9 -11 7 -9 6 -8 4 -6 3 -5 1 -3 0 -14 13 -12 12 -11 10 -2 1 0 0 -11 13 1 1
Hc = 2 Hh = 2
 -6 3 -5 1 -3 0 -6 6 -5 4 -2 1 0 0 1 -2 3 -3 -5 7 -3 6 4 -2 6 -3 7 -5 9 -6 -3 9 -2 7 10 -5 12 -6 13 -8
Hc = 1 Hh = 2
 -9 6 -8 4 -6 3 -5 1 -3 0 -9 9 -8 7 -2 1 0 0 1 -2 3 -3 -11 13 -9 12 -8 10 -6 9 -5 7 4 -2 -5 10 -3 9 -2 7
Hc = 1 Hh = 2
 -9 6 -8 4 -6 3 -5 1 -3 0 -9 9 -8 7 -2 1 0 0 1 -2 3 -3 -11 13 -9 12 -8 10 -6 9 -3 6 4 -2 -5 10 -3 9 -2 7
Hc = 1 Hh = 2
 -18 12 -17 10 -15 9 -18 15 -17 13 -15 12 -14 10 -12 9 -11 7 -9 6 -8 4 -6 3 -5 1 -3 0 -8 7 -6 6 -2 1 0 0 1 -2 3 -3
Hc = 1 Hh = 2
 -18 12 -17 10 -15 9 -17 13 -15 12 -14 10 -12 9 -11 7 -9 6 -8 4 -6 3 -5 1 -3 0 -14 13 -12 12 -11 10 -2 1 0 0 1 -2 3 -3
Hc = 2 Hh = 2
 -18 12 -17 10 -15 9 -14 7 -12 6 -11 7 -9 6 -8 4 -6 3 -5 1 -3 0 -8 7 -6 6 -5 4 -2 1 0 0 -9 12 -8 10 -6 9 -5 7
Hc = 1 Hh = 2
 -15 9 -14 7 -14 10 -12 9 -8 4 -6 3 -5 1 -3 0 -11 10 -9 9 -8 7 -6 6 -5 4 -2 1 0 0 -11 13 -9 12 -8 10 -5 7 -3 6
Hc = 2 Hh = 2
 -15 12 -14 10 -12 9 -6 3 -5 1 -3 0 -14 13 -12 12 -11 10 -9 9 -8 7 -6 6 -5 4 -2 1 0 0 -8 10 -5 7 -3 6 -3 9 -2 7
Hc = 1 Hh = 2
 -5 1 -3 0 -2 1 0 0 1 1 3 0 3 3 4 1 9 -3 10 -5 12 -6 4 4 6 3 7 1 9 0 10 -2 7 4 9 3 10 1 10 4
Hc = 2 Hh = 2
 -5 1 -3 0 -2 1 0 0 1 1 3 0 3 3 4 1 9 -3 10 -5 12 -6 13 -8 4 4 6 3 9 0 10 -2 7 4 9 3 10 1 10 4
Hc = 2 Hh = 2
 -11 7 -9 6 -8 4 -6 3 -5 1 -3 0 -6 6 -5 4 -3 3 -2 1 -2 4 0 3 1 4 3 3 3 6 4 4 6 3 4 7 6 6 7 4
Hc = 1 Hh = 2
 -11 7 -9 6 -8 4 -6 3 -5 1 -3 0 -8 7 -5 4 -3 3 -2 1 -2 4 0 3 1 4 3 3 3 6 4 4 6 3 4 7 6 6 7 4
Hc = 2 Hh = 2
 -6 3 -5 1 -3 0 -5 4 -3 3 -2 1 3 -3 -2 4 0 3 1 1 3 0 4 -2 6 -3 6 0 7 -2 9 -3 10 -5 12 -6 13 -8 7 1
Hc = 2 Hh = 2
 -15 12 -6 3 -5 1 -3 0 -17 16 -15 15 -14 13 -12 12 -11 10 -9 9 -8 7 -6 6 -5 4 -3 3 -2 1 -8 10 -6 9 -5 7 -3 6 -2 4
Hc = 1 Hh = 2
 -15 12 -9 6 -6 3 -5 1 -3 0 -17 16 -15 15 -14 13 -12 12 -11 10 -9 9 -8 7 -6 6 -5 4 -3 3 -2 1 -8 10 -5 7 -3 6 -2 4
Hc = 1 Hh = 2
 -15 12 -14 10 -12 9 -6 3 -5 1 -3 0 -17 16 -15 15 -14 13 -12 12 -11 10 -9 9 -8 7 -6 6 -5 4 -3 3 -2 1 -5 7 -3 6 -2 4
Hc = 1 Hh = 2
 -17 10 -15 9 -15 12 -14 10 -12 9 -6 3 -5 1 -3 0 -14 13 -12 12 -11 10 -9 9 -8 7 -6 6 -5 4 -3 3 -2 1 -5 7 -3 6 -2 4
Hc = 2 Hh = 2
 -9 6 -8 4 -6 3 -5 1 -3 0 -11 10 -9 9 -8 7 -3 3 -2 1 -2 4 0 3 0 6 1 4 3 3 4 1 6 0 4 4 6 3 7 1
Hc = 2 Hh = 2
 -17 10 -15 9 -12 6 -18 15 -17 13 -15 12 -14 10 -12 9 -11 7 -9 6 -8 4 -6 3 -5 1 -3 0 -14 13 -12 12 -11 10 -5 4 -3 3 -2 1
Hc = 2 Hh = 2
 -18 12 -15 9 -14 7 -18 15 -17 13 -15 12 -14 10 -12 9 -11 7 -9 6 -8 4 -6 3 -5 1 -3 0 -14 13 -12 12 -11 10 -5 4 -3 3 -2 1
Hc = 2 Hh = 2
 -23 19 -21 18 -20 16 -18 15 -17 13 -15 12 -14 10 -12 9 -11 7 -9 6 -8 4 -6 3 -5 1 -3 0 -15 15 -14 13 -5 4 -3 3 -2 1 -14 16
Hc = 2 Hh = 2
 -23 19 -21 18 -20 16 -18 15 -17 13 -15 12 -14 10 -12 9 -11 7 -9 6 -8 4 -6 3 -5 1 -3 0 -18 18 -17 16 -14 13 -5 4 -3 3 -2 1
Hc = 1 Hh = 2
 -23 19 -21 18 -20 16 -18 15 -17 13 -15 12 -14 10 -12 9 -11 7 -9 6 -8 4 -6 3 -5 1 -3 0 -20 19 -17 16 -15 15 -5 4 -3 3 -2 1
Hc = 1 Hh = 2
 -17 10 -15 9 -15 12 -14 10 -12 9 -6 3 -5 1 -3 0 -14 13 -12 12 -11 10 -9 9 -8 7 -6 6 -5 4 -3 3 -2 1 -8 10 -6 9 -5 7
Hc = 1 Hh = 2
 -15 12 -14 10 -12 9 -6 3 -5 1 -3 0 -17 16 -15 15 -14 13 -11 10 -9 9 -8 7 -6 6 -5 4 -3 3 -2 1 -9 12 -8 10 -8 13 -6 12
Hc = 1 Hh = 2
 -18 9 -18 12 -17 10 -15 9 -17 13 -15 12 -14 10 -12 9 -6 3 -5 1 -3 0 -14 13 -12 12 -11 10 -9 9 -8 7 -6 6 -5 4 -3 3 -2 1
Hc = 1 Hh = 2
 -23 16 -21 15 -20 16 -18 15 -17 13 -15 12 -14 10 -12 9 -11 7 -9 6 -5 1 -3 0 -14 13 -12 12 -8 7 -6 6 -5 4 -3 3 -2 1 -2 4
Hc = 1 Hh = 2
 -12 9 -5 1 -3 0 -11 10 -9 9 -8 7 -6 6 -3 3 -2 1 -8 10 -6 9 -5 7 -3 6 -2 4 0 3 1 1 3 0 -2 7 0 6 1 4
Hc = 1 Hh = 2
 -5 1 -3 0 -3 3 -2 1 3 -3 -2 4 0 3 1 1 3 0 4 -2 6 -3 7 -5 9 -6 3 3 4 1 6 0 7 -2 10 -5 12 -6 4 4
Hc = 1 Hh = 2
 -24 15 -23 16 -21 15 -12 6 -20 16 -18 15 -17 13 -15 12 -14 10 -12 9 -11 7 -9 6 -8 4 -6 3 -5 1 -3 0 -11 10 -8 7 -5 4 -2 1
Hc = 1 Hh = 2
 -12 3 -11 1 -14 7 -12 6 -11 4 -9 3 -8 1 -3 -3 -2 -5 -8 4 -6 3 -5 1 -3 0 -2 -2 0 -3 -5 4 -3 3 -2 1 0 0 1 -2
Hc = 1 Hh = 2
 -12 3 -11 1 -14 7 -12 6 -11 4 -9 3 -8 1 -3 -3 -2 -5 -12 9 -11 7 -8 4 -6 3 -5 1 -3 0 -2 -2 0 -3 -2 1 0 0 1 -2
Hc = 1 Hh = 2
 -3 -3 -2 -5 -3 0 -2 -2 0 -3 3 -6 4 -8 -2 1 0 0 1 -2 3 -3 4 -5 6 -6 4 -2 6 -3 7 -5 9 -6 7 -2 9 -3 10 -5
Hc = 3 Hh = 3
 -14 7 -12 6 -11 4 -9 3 -6 0 -3 -3 -2 -5 -14 10 -12 9 -11 7 -9 6 -8 4 -6 3 -5 1 -3 0 -2 -2 0 -3 1 -5 3 -6 4 -8
Hc = 1 Hh = 2
 -20 13 -18 12 -17 10 -15 9 -12 6 -3 -3 -2 -5 -17 13 -15 12 -14 10 -12 9 -11 7 -9 6 -8 4 -6 3 -5 1 -3 0 -2 -2 0 -3 1 -5
Hc = 1 Hh = 2
 -15 6 -14 7 -12 6 -11 4 -9 3 -8 1 -6 0 -3 -3 -2 -5 -11 7 -9 6 -8 4 -6 3 -5 1 -3 0 -2 -2 0 -3 -5 4 -3 3 -2 1
Hc = 2 Hh = 2
 -15 6 -14 4 -12 3 -14 7 -12 6 -11 4 -9 3 -8 1 -6 0 -3 -3 -2 -5 -12 9 -11 7 -8 4 -6 3 -5 1 -3 0 -2 -2 0 -3 -2 1
Hc = 2 Hh = 2
 -3 -3 -2 -5 -2 -2 0 -3 1 -2 3 -3 4 -5 6 -6 3 0 4 -2 6 -3 7 -5 9 -6 12 -9 13 -11 15 -12 16 -14 10 -5 12 -6 13 -8
Hc = 1 Hh = 2
 -3 -3 -2 -5 -2 -2 0 -3 1 -2 3 -3 3 0 4 -2 12 -9 13 -11 15 -12 16 -14 4 1 6 0 7 -2 9 -3 10 -5 12 -6 13 -8 7 1
Hc = 1 Hh = 2
 -3 0 -5 4 -3 3 -2 1 0 0 1 -2 3 -3 -3 6 -2 4 0 3 1 1 3 0 4 -2 6 -3 7 -5 -2 7 0 6 1 4 4 1 6 0
Hc = 2 Hh = 2
 -3 0 -5 4 -3 3 -2 1 0 0 1 -2 3 -3 -3 6 -2 4 0 3 1 1 3 0 4 -2 6 -3 7 -5 -2 7 0 6 1 4 3 3 4 1
Hc = 2 Hh = 2
 -3 0 -6 6 -5 4 -3 3 -2 1 0 0 1 -2 3 -3 -5 7 -2 4 0 3 1 1 3 0 4 -2 6 -3 7 -5 9 -6 1 4 3 3 4 1
Hc = 1 Hh = 2
 -6 3 -3 0 -5 4 -3 3 -2 1 0 0 1 -2 -5 7 -3 6 -2 4 0 3 1 1 3 0 4 -2 6 -3 0 6 1 4 3 3 4 1 4 4
Hc = 1 Hh = 2
 -11 7 -9 6 -3 0 -9 9 -8 7 -6 6 -5 4 -3 3 -2 1 0 0 1 -2 3 -3 -8 10 -6 9 -5 7 -3 6 -2 4 1 1 3 0 4 -2
Hc = 1 Hh = 2
 -3 0 -5 4 -3 3 -2 1 0 0 1 -2 -8 10 -6 9 -5 7 -3 6 -2 4 1 1 3 0 4 -2 6 -3 7 -5 -5 10 -2 7 4 1 7 -2
Hc = 1 Hh = 2
 -3 0 -3 3 -2 1 0 0 1 -2 3 -3 -5 7 -3 6 -2 4 1 1 3 0 4 -2 6 -3 7 -5 9 -6 -2 7 9 -3 10 -5 12 -6 13 -8
Hc = 1 Hh = 2
 -3 0 -5 4 -3 3 -2 1 0 0 1 -2 3 -3 0 3 1 1 3 0 4 -2 6 -3 7 -5 1 4 3 3 4 1 6 0 4 4 6 3 7 1
Hc = 1 Hh = 2
 -3 0 -5 4 -3 3 -2 1 0 0 1 -2 3 -3 0 3 1 1 3 0 4 -2 6 -3 7 -5 1 4 3 3 4 1 6 0 7 -2 4 4 6 3
Hc = 1 Hh = 2
 -12 9 -9 6 -8 4 -3 0 -11 10 -9 9 -8 7 -6 6 -5 4 -3 3 -2 1 0 0 1 -2 3 -3 -8 10 -6 9 -5 7 1 1 3 0 4 -2
Hc = 1 Hh = 2
 -12 6 -12 9 -11 7 -3 0 -11 10 -9 9 -8 7 -6 6 -5 4 -3 3 -2 1 0 0 1 -2 3 -3 -8 10 -6 9 -5 7 1 1 3 0 4 -2
Hc = 2 Hh = 2
 -3 0 -6 6 -5 4 -3 3 -2 1 0 0 3 -3 -3 6 -2 4 0 3 1 1 3 0 4 -2 -2 7 1 4 3 3 4 1 6 0 7 -2 7 1
Hc = 2 Hh = 2
 -18 15 -3 0 -17 16 -15 15 -12 12 -11 10 -9 9 -8 7 -6 6 -5 4 -3 3 -2 1 0 0 -14 16 -12 15 -11 13 -2 4 0 3 1 1 3 0
Hc = 1 Hh = 2
 -3 0 -12 12 -11 10 -9 9 -3 3 -2 1 0 0 -8 10 -6 9 -5 7 -3 6 -2 4 0 3 1 1 3 0 -2 7 0 6 1 4 3 3 4 1
Hc = 1 Hh = 2
 -12 9 -3 0 -11 10 -9 9 -8 7 -6 6 -5 4 -3 3 -2 1 0 0 0 3 1 1 3 0 1 4 3 3 4 1 6 0 4 4 6 3 7 1
Hc = 2 Hh = 2
 -3 0 -17 16 -15 15 -14 13 -12 12 -11 10 -9 9 -8 7 -6 6 -5 4 -3 3 -2 1 0 0 0 3 1 1 3 0 1 4 3 3 4 1 6 0
Hc = 1 Hh = 2
 -3 0 -17 16 -15 15 -14 13 -12 12 -11 10 -9 9 -8 7 -6 6 -5 4 -3 3 -2 1 0 0 0 3 1 1 3 0 1 4 4 1 6 0 7 1
Hc = 2 Hh = 2
 -17 10 -15 9 -14 7 -12 6 -11 7 -9 6 -6 3 -3 0 -9 9 -8 7 -6 6 -5 4 -3 3 -2 1 0 0 -8 10 -6 9 -5 7 0 3 1 1
Hc = 1 Hh = 2
 -9 6 -8 4 -3 0 -12 12 -11 10 -9 9 -8 7 -6 6 -5 4 -3 3 -2 1 0 0 1 -2 3 -3 -8 10 -6 9 -5 7 -2 4 0 3 4 -2
Hc = 2 Hh = 2
 -11 7 -9 6 -3 0 -9 9 -8 7 -6 6 -5 4 -3 3 -2 1 0 0 1 -2 -8 10 -6 9 -5 7 -3 6 -2 4 0 3 -2 7 0 6 1 4
Hc = 1 Hh = 2
 -18 9 -17 7 -17 10 -15 9 -14 7 -12 6 -12 9 -11 7 -9 6 -3 0 -11 10 -9 9 -8 7 -6 6 -5 4 -3 3 -2 1 0 0 1 -2 -2 4
Hc = 2 Hh = 2
 -3 0 -3 3 -2 1 0 0 1 -2 3 -3 -5 7 -3 6 -2 4 3 0 4 -2 4 1 6 0 7 1 9 0 10 -2 12 -3 10 1 12 0 13 -2
Hc = 2 Hh = 2
 -15 12 -14 10 -12 9 -9 6 -8 4 -3 0 -17 16 -15 15 -14 13 -12 12 -11 10 -9 9 -8 7 -6 6 -5 4 -3 3 -2 1 0 0 1 -2 3 -3
Hc = 2 Hh = 2
 -17 10 -15 9 -14 7 -12 6 -15 12 -14 10 -11 7 -9 6 -8 4 -6 3 -3 0 -5 4 -3 3 -2 1 0 0 1 -2 3 -3 4 -2 6 -3 7 -5
Hc = 1 Hh = 2
 -18 12 -17 10 -15 9 -17 13 -15 12 -14 10 -12 9 -3 0 -14 13 -12 12 -11 10 -9 9 -8 7 -6 6 -5 4 -3 3 -2 1 0 0 1 -2 -5 7
Hc = 2 Hh = 2
 -3 0 -2 1 0 0 -11 13 -9 12 -8 10 -6 9 -5 7 -3 6 -2 4 0 3 1 1 3 0 -2 7 0 6 1 4 3 3 4 1 6 0 7 1
Hc = 1 Hh = 2
 -3 0 -2 1 0 0 -6 9 -5 7 -3 6 -2 4 0 3 1 1 3 0 4 -2 6 -3 7 -5 9 -6 -2 7 0 6 1 4 7 -2 9 -3 10 -5
Hc = 1 Hh = 2
 -3 0 -12 12 -11 10 -9 9 -2 1 0 0 -12 15 -11 13 -9 12 -8 10 -6 9 -5 7 -3 6 -2 4 0 3 1 1 3 0 -8 13 -6 12 -5 10
Hc = 1 Hh = 2
 -12 9 -11 7 -9 6 -8 4 -6 3 -3 0 -8 7 -6 6 -5 4 -3 3 -2 1 -5 7 -3 6 -2 4 0 3 1 1 1 4 3 3 4 4 6 3
Hc = 2 Hh = 2
 -11 7 -9 6 -8 4 -6 3 -3 0 -6 6 -5 4 -3 3 -2 1 -2 4 0 3 1 1 1 4 3 3 3 6 4 4 6 3 4 7 6 6 7 4
Hc = 1 Hh = 2
 -3 0 -11 10 -9 9 -6 6 -5 4 -3 3 -2 1 -9 12 -8 10 -6 9 -5 7 -2 4 0 3 1 1 3 0 -8 13 -6 12 -5 10 -3 9 4 1
Hc = 1 Hh = 2
 -18 12 -17 13 -15 12 -14 10 -12 9 -11 7 -9 6 -3 0 -11 10 -9 9 -8 7 -6 6 -5 4 -3 3 -2 1 -8 10 -6 9 -5 7 -3 6 -2 4
Hc = 2 Hh = 2
 -17 10 -15 9 -15 12 -14 10 -12 9 -3 0 -14 13 -12 12 -11 10 -9 9 -8 7 -6 6 -5 4 -3 3 -2 1 -8 10 -6 9 -5 7 -3 6 -2 4
Hc = 1 Hh = 2
 -18 12 -17 10 -15 9 -17 13 -15 12 -14 10 -12 9 -3 0 -14 13 -12 12 -11 10 -9 9 -8 7 -6 6 -5 4 -3 3 -2 1 -5 7 -3 6 -2 4
Hc = 4 Hh = 4
 -17 10 -15 9 -12 6 -11 4 -14 10 -12 9 -11 7 -9 6 -3 0 -11 10 -9 9 -8 7 -6 6 -5 4 -3 3 -2 1 -8 10 -6 9 -2 4 -5 10
Hc = 1 Hh = 2
 -3 0 -3 3 -2 1 3 -3 -6 9 -5 7 -3 6 -2 4 0 3 3 0 4 -2 6 -3 1 4 3 3 4 1 6 0 7 -2 3 6 4 4 6 3
Hc = 1 Hh = 2
 -3 0 -12 12 -11 10 -9 9 -8 7 -6 6 -5 4 -3 3 -2 1 -8 10 -6 9 -5 7 -5 10 -3 9 -2 7 0 6 1 7 3 6 4 7 6 6
Hc = 1 Hh = 2
 -23 13 -21 12 -20 10 -18 9 -17 7 -15 6 -20 13 -18 12 -17 10 -15 9 -14 7 -12 6 -11 4 -9 3 -8 1 -6 0 -5 -2 -12 9 -11 7 -11 10
Hc = 1 Hh = 2
 -23 13 -21 12 -20 10 -18 9 -17 7 -15 6 -20 13 -18 12 -17 10 -14 7 -12 6 -11 4 -9 3 -8 1 -6 0 -5 -2 -12 9 -11 7 -11 10 -9 9
Hc = 1 Hh = 2
 -23 13 -21 12 -20 10 -18 9 -17 7 -15 6 -20 13 -18 12 -17 10 -15 9 -14 7 -12 6 -11 4 -9 3 -8 1 -6 0 -5 -2 -17 13 -14 10 -12 9
Hc = 1 Hh = 2
 -23 13 -21 12 -20 10 -18 9 -17 7 -15 6 -20 13 -18 12 -17 10 -15 9 -14 7 -12 6 -11 4 -9 3 -8 1 -6 0 -5 -2 -17 13 -15 12 -14 13
Hc = 2 Hh = 2
 -8 4 -6 3 -5 1 -3 0 -17 16 -15 15 -14 13 -12 12 -11 10 -9 9 -8 7 -6 6 -5 4 -12 15 -11 13 -9 12 -8 10 -6 9 -5 7 -3 6
Hc = 2 Hh = 2
 -6 3 -5 1 -3 0 -8 7 -6 6 -5 4 -3 3 3 -3 4 -5 -2 4 0 3 1 1 3 0 4 -2 6 -3 1 4 3 3 4 1 6 0 7 -2
Hc = 1 Hh = 2
 -12 9 -9 6 -6 3 -5 1 -3 0 -17 16 -15 15 -14 13 -12 12 -11 10 -9 9 -8 7 -6 6 -5 4 -3 3 -14 16 -11 13 -3 6 -2 4 -2 7
Hc = 1 Hh = 2
 -18 12 -17 10 -15 9 -15 12 -14 10 -6 3 -5 1 -3 0 -14 13 -12 12 -6 6 -5 4 -11 13 -9 12 -8 10 -6 9 -5 7 -5 10 -3 9 -2 10
Hc = 1 Hh = 2
